NAME: Graph_for_Concorde
TYPE: TSP
COMMENT: TSP file for Concorde solver
DIMENSION: 211
EDGE_WEIGHT_TYPE: EXPLICIT
EDGE_WEIGHT_FORMAT: FULL_MATRIX
EDGE_WEIGHT_SECTION
0 2139 2341 2306 2303 2291 2274 2734 2747 2756 2777 2830 2180 2197 2235 2348 2104 2109 2009 2110 2132 2146 2198 2312 2229 2259 2271 2338 2363 2455 2416 2395 2423 2453 2471 2491 2500 2517 2630 2649 2671 2716 2740 2760 2771 2789 2807 2380 2365 2354 2350 2325 2058 2042 2063 2554 2634 2620 2634 2649 2659 2715 2487 2530 2548 2561 2555 2563 2595 2606 2613 2671 2658 2363 2374 2400 2419 2431 2530 2470 2547 2484 2567 2484 2549 2525 2553 2570 2590 2573 2611 2626 2644 2636 2714 2692 2730 2804 2833 2845 2857 2857 2687 2675 2705 2695 2148 2129 2112 2025 2134 2023 2116 2099 2112 2118 2134 2286 2382 2407 2422 2452 2466 2479 2465 2514 2480 2527 2466 2527 2449 2526 2512 2530 2549 2548 2565 2567 2515 2514 2568 2592 2534 2609 2623 2631 2612 2203 2721 2740 2501 2119 2203 2283 2043 2434 2643 2266 2707 2493 2425 2440 2464 2513 2473 2528 2520 2497 2393 2424 2417 2462 2442 2430 2436 2361 2445 2435 2427 2426 2473 2467 2462 2428 2422 2425 2420 2333 2377 2296 2333 2329 2334 2337 2340 2263 2333 2330 2267 2212 2349 2251 2260 2768 2143 2383 2494 2419 2745 2376 0
2139 0 296 300 297 285 268 728 741 750 771 824 135 152 190 303 225 187 188 186 164 134 192 306 223 253 265 333 358 448 410 390 418 448 465 485 494 511 624 643 665 710 734 754 765 783 801 374 359 348 344 319 112 96 117 548 628 614 628 643 653 709 481 524 542 555 549 557 589 600 607 665 652 323 334 374 413 425 524 464 541 478 561 479 543 519 547 565 584 694 682 667 649 631 708 686 724 798 827 839 851 851 681 669 699 689 93 74 27 79 5 77 104 87 100 106 162 352 376 401 416 447 461 473 459 508 474 521 503 521 520 520 506 524 544 542 559 561 636 635 562 586 528 604 618 625 606 324 715 734 495 107 197 277 97 428 637 261 701 487 419 434 458 508 467 523 514 492 387 419 412 456 436 424 430 355 439 429 421 420 467 461 456 422 417 420 415 327 371 290 328 324 328 331 334 218 315 324 261 206 344 245 254 762 88 377 488 413 739 370 2139
2341 296 0 46 49 61 78 614 627 636 657 710 161 144 106 111 298 243 285 242 220 212 154 166 123 121 133 186 211 151 190 243 271 301 333 353 362 379 492 511 532 578 602 622 633 651 669 98 113 124 128 153 325 309 330 434 514 500 514 529 539 595 408 410 428 441 476 484 517 528 535 571 580 27 38 78 405 393 410 418 427 420 441 406 411 405 433 432 452 745 725 710 693 612 668 614 610 684 713 725 733 719 567 555 566 575 203 222 269 292 291 290 242 259 246 240 218 402 420 445 460 480 466 454 502 462 517 462 546 449 563 500 549 567 499 585 503 605 687 686 490 630 546 559 563 553 586 389 601 620 348 320 189 333 310 172 523 140 568 385 323 320 344 393 353 408 381 359 273 304 297 335 315 304 310 234 318 308 300 300 346 340 335 301 291 287 282 206 250 169 195 191 196 199 202 78 19 303 259 140 197 260 281 648 208 421 531 341 625 414 2341
2306 300 46 0 3 15 32 568 581 590 611 664 207 190 152 157 252 197 239 196 174 166 108 128 77 75 87 154 179 181 220 211 239 269 287 307 316 333 446 465 486 532 556 576 587 605 623 128 143 154 158 141 285 269 290 388 468 454 468 483 493 549 362 364 382 395 430 438 471 482 489 525 534 57 68 108 359 347 364 372 381 374 395 360 365 359 387 386 406 699 679 664 647 566 622 568 564 638 667 679 687 673 521 509 520 529 249 268 274 252 296 250 196 213 200 194 172 356 374 399 414 434 420 408 456 416 471 416 500 403 517 454 503 521 453 539 457 559 641 640 443 584 500 513 517 507 540 343 555 574 317 280 143 287 270 202 477 94 522 339 277 274 298 347 307 362 335 313 227 258 251 289 269 257 264 188 272 262 254 254 300 294 289 255 245 241 236 160 204 123 149 145 150 153 156 124 27 257 213 94 165 214 235 602 254 375 485 295 579 368 2306
2303 297 49 3 0 12 29 565 578 587 608 661 210 193 155 160 249 194 236 193 171 163 105 125 74 72 84 151 176 184 223 208 236 266 284 304 313 330 443 462 483 529 553 573 584 602 620 131 146 157 161 138 282 266 287 385 465 451 465 480 490 546 359 361 379 392 427 435 468 479 486 522 531 60 71 111 356 344 361 369 378 371 392 357 362 356 384 383 403 696 676 661 644 563 619 565 561 635 664 676 684 670 518 506 517 526 252 271 271 249 293 247 193 210 197 191 169 353 371 396 411 431 417 405 453 413 468 413 497 400 514 451 500 518 450 536 454 556 638 637 440 581 497 510 514 504 537 340 552 571 314 277 140 284 267 205 474 91 519 336 274 271 295 344 304 359 332 310 224 255 248 286 266 254 261 185 269 259 251 251 297 291 286 252 242 238 233 157 201 120 146 142 147 150 153 127 30 254 210 91 162 211 232 599 257 372 482 292 576 365 2303
2291 285 61 15 12 0 17 553 566 575 596 649 222 205 167 172 237 182 224 181 159 151 93 113 62 60 72 139 164 196 217 196 224 254 272 292 301 318 431 450 471 517 541 561 572 590 608 143 158 155 151 126 270 254 275 373 453 439 453 468 478 534 347 349 367 380 415 423 456 467 474 510 519 72 83 123 344 332 349 357 366 359 380 345 350 344 372 371 391 684 664 649 632 551 607 553 549 623 652 664 672 658 506 494 505 514 264 276 259 237 281 235 181 198 185 179 157 341 359 384 399 419 405 393 441 401 456 401 485 388 502 439 488 506 438 524 442 544 626 625 428 569 485 498 502 492 525 328 540 559 302 265 128 272 255 217 462 79 507 324 262 259 283 332 292 347 320 298 212 243 236 274 254 242 249 173 257 247 239 239 285 279 274 240 230 226 221 145 189 108 134 130 135 138 141 139 42 242 198 79 150 199 220 587 269 360 470 280 564 353 2291
2274 268 78 32 29 17 0 536 549 558 579 632 239 222 184 189 220 165 207 164 142 134 76 96 45 43 55 122 147 213 200 179 207 237 255 275 284 301 414 433 454 500 524 544 555 573 591 160 149 138 134 109 253 237 258 356 436 422 436 451 461 517 330 332 350 363 398 406 439 450 457 493 502 89 100 140 327 315 332 340 349 342 363 328 333 327 355 354 374 667 647 632 615 534 590 536 532 606 635 647 655 641 489 477 488 497 278 259 242 220 264 218 164 181 168 162 140 324 342 367 382 402 388 376 424 384 439 384 468 371 485 422 471 489 421 507 425 527 609 608 411 552 468 481 485 475 508 311 523 542 285 248 111 255 238 218 445 62 490 307 245 242 266 315 275 330 303 281 195 226 219 257 237 225 232 156 240 230 222 222 268 262 257 223 213 209 204 128 172 91 117 113 118 121 124 156 59 225 181 62 133 182 203 570 273 343 453 263 547 336 2274
2734 728 614 568 565 553 536 0 13 22 43 96 775 758 720 724 649 625 667 624 602 594 542 546 511 521 533 520 495 557 518 463 435 405 352 322 313 295 183 164 142 160 183 203 214 205 187 608 593 582 578 553 713 697 718 180 100 114 100 85 193 189 262 204 186 173 194 186 183 194 201 225 238 625 636 628 353 341 281 317 287 304 267 290 263 276 281 258 223 416 377 361 344 322 245 231 174 100 99 111 123 137 47 69 108 89 737 718 701 680 723 678 624 641 628 622 600 467 437 462 361 338 325 313 361 275 376 262 360 248 377 289 345 363 242 358 227 360 474 475 213 366 318 260 246 236 319 551 13 6 388 708 536 455 698 536 91 482 106 245 331 370 379 337 370 352 347 315 356 387 380 458 447 447 452 419 463 453 443 442 491 485 480 446 427 423 418 517 501 480 487 483 478 475 472 692 595 404 507 528 509 493 484 34 732 436 390 319 11 436 2734
2747 741 627 581 578 566 549 13 0 9 30 83 788 771 733 737 662 638 680 637 615 607 555 559 524 534 546 533 508 570 531 476 448 418 365 335 326 308 196 177 155 173 196 216 210 192 174 621 606 595 591 566 726 710 731 193 113 127 113 98 206 176 275 217 199 186 207 199 196 207 214 231 244 638 649 641 366 354 294 330 300 317 280 303 276 289 294 271 236 403 364 348 331 309 232 218 161 87 86 98 110 124 60 82 121 102 750 731 714 693 736 691 637 654 641 635 613 480 450 475 374 351 338 326 374 288 389 275 373 261 390 302 358 376 255 371 240 373 461 462 226 353 331 273 259 249 332 564 26 7 401 721 549 468 711 549 104 495 119 258 344 383 392 350 383 365 360 328 369 400 393 471 460 460 465 432 476 466 456 455 504 498 493 459 440 436 431 530 514 493 500 496 491 488 485 705 608 417 520 541 522 506 497 21 745 449 403 332 2 449 2747
2756 750 636 590 587 575 558 22 9 0 21 74 797 780 742 746 671 647 689 646 624 616 564 568 533 543 555 542 517 579 540 485 457 427 374 344 335 317 205 186 164 182 205 212 201 183 165 630 615 604 600 575 735 719 740 202 122 136 122 107 215 167 284 226 208 195 216 208 205 216 223 222 235 647 658 650 375 363 303 339 309 326 289 312 285 298 303 280 245 394 355 339 322 300 223 209 152 78 77 89 101 115 69 91 130 111 759 740 723 702 745 700 646 663 650 644 622 489 459 484 383 360 347 335 383 297 398 284 382 270 399 311 367 385 264 380 249 369 452 453 235 344 340 282 268 258 325 573 35 16 410 730 558 477 720 558 113 504 128 267 353 392 401 359 392 374 369 337 378 409 402 480 469 469 474 441 485 475 465 464 513 507 502 468 449 445 440 539 523 502 509 505 500 497 494 714 617 426 529 550 531 515 506 12 754 458 412 341 11 458 2756
2777 771 657 611 608 596 579 43 30 21 0 53 818 801 763 767 692 668 710 667 645 637 585 589 554 564 576 563 538 600 561 506 478 448 395 365 356 338 226 207 185 203 211 191 180 162 144 651 636 625 621 596 756 740 761 223 143 157 143 128 201 146 305 247 229 216 237 229 226 237 244 201 214 668 679 671 396 384 324 360 330 347 310 333 306 319 324 301 266 373 334 318 301 279 202 188 131 57 56 68 80 94 90 112 151 132 780 761 744 723 766 721 667 684 671 665 643 510 480 505 404 381 368 356 404 318 419 305 403 291 420 332 388 386 285 368 270 348 431 432 256 323 361 294 287 277 304 594 56 37 431 751 579 498 741 579 134 525 149 288 374 413 422 380 413 395 390 358 399 430 423 501 490 490 495 462 506 496 486 485 534 528 523 489 470 466 461 560 544 523 530 526 521 518 515 735 638 447 550 571 552 536 527 9 775 479 433 362 32 479 2777
2830 824 710 664 661 649 632 96 83 74 53 0 871 854 816 821 745 721 763 720 698 690 639 631 608 617 629 604 579 642 603 547 519 489 436 407 398 380 268 249 227 183 157 137 126 108 90 693 678 667 663 638 809 793 814 276 196 210 196 181 175 119 357 300 282 269 289 281 251 240 233 175 188 721 732 713 449 437 377 413 372 400 352 387 348 372 366 343 308 347 307 292 274 253 175 161 104 31 3 14 26 40 143 165 204 185 834 815 798 776 820 774 720 737 724 718 696 564 533 558 453 433 420 408 453 370 468 357 438 344 455 351 369 359 338 341 323 322 405 406 309 297 343 268 261 251 277 647 109 90 473 805 633 551 794 621 187 579 202 341 427 467 464 433 455 448 431 400 452 484 477 552 532 532 536 515 548 538 540 526 575 569 564 530 512 508 503 613 586 576 572 568 563 560 557 788 691 500 603 625 594 590 581 62 829 532 482 415 85 532 2830
2180 135 161 207 210 222 239 775 788 797 818 871 0 17 55 168 266 238 229 237 215 186 244 327 275 282 294 347 372 312 351 404 432 462 494 514 523 540 653 672 693 739 763 783 794 812 830 259 274 285 289 314 164 148 169 595 675 661 675 690 700 756 533 571 589 602 601 609 641 652 659 717 704 188 199 239 465 477 571 516 588 530 602 530 572 566 594 593 613 734 734 719 701 683 760 738 771 845 874 886 894 880 728 716 727 736 42 61 108 131 130 129 156 139 152 158 213 404 428 453 468 498 512 525 511 560 526 573 555 573 572 572 558 576 596 594 611 613 676 675 614 638 580 656 670 677 658 364 762 781 509 159 249 329 149 333 684 301 729 539 471 481 505 554 514 569 542 520 434 465 458 496 476 464 471 395 479 469 461 461 507 501 496 462 452 448 443 367 411 330 356 352 357 360 363 83 180 376 313 258 358 297 306 809 47 429 540 465 786 422 2180
2197 152 144 190 193 205 222 758 771 780 801 854 17 0 38 151 283 255 246 254 232 203 261 310 267 265 277 330 355 295 334 387 415 445 477 497 506 523 636 655 676 722 746 766 777 795 813 242 257 268 272 297 181 165 186 578 658 644 658 673 683 739 550 554 572 585 618 626 658 669 676 715 721 171 182 222 482 494 554 533 571 547 585 547 555 549 577 576 596 751 751 736 718 700 777 755 754 828 857 869 877 863 711 699 710 719 59 78 125 148 147 146 173 156 169 175 230 421 445 470 485 515 529 542 528 577 543 590 572 590 589 589 575 593 613 611 628 630 693 692 631 655 597 673 687 694 675 381 745 764 492 176 266 346 166 316 667 284 712 529 467 464 488 537 497 552 525 503 417 448 441 479 459 447 454 378 462 452 444 444 490 484 479 445 435 431 426 350 394 313 339 335 340 343 346 66 163 393 330 275 341 314 323 792 64 446 557 482 769 439 2197
2235 190 106 152 155 167 184 720 733 742 763 816 55 38 0 113 321 293 284 292 270 241 260 272 229 227 239 292 317 257 296 349 377 407 439 459 468 485 598 617 638 684 708 728 739 757 775 204 219 230 234 259 219 203 224 540 620 606 620 635 645 701 514 516 534 547 582 590 623 634 641 677 686 133 144 184 511 499 516 524 533 526 547 512 517 511 539 538 558 789 789 774 756 718 774 720 716 790 819 831 839 825 673 661 672 681 97 116 163 186 185 184 211 194 207 213 268 459 483 508 523 553 567 560 566 568 581 568 610 555 627 606 613 631 605 649 609 668 731 730 595 693 635 665 669 659 692 419 707 726 454 214 295 384 204 278 629 246 674 491 429 426 450 499 459 514 487 465 379 410 403 441 421 409 416 340 424 414 406 406 452 446 441 407 397 393 388 312 356 275 301 297 302 305 308 28 125 409 365 246 303 352 361 754 102 484 595 446 731 477 2235
2348 303 111 157 160 172 189 724 737 746 767 821 168 151 113 0 409 353 396 352 330 323 265 277 234 232 243 296 321 262 301 353 381 411 443 463 472 490 602 621 643 689 712 732 743 761 779 208 223 234 238 263 332 316 337 545 625 611 625 640 650 705 519 521 539 552 587 595 628 639 646 682 690 137 148 188 515 503 520 529 537 530 552 517 522 515 543 543 563 856 836 821 803 723 778 724 720 794 824 835 843 829 677 665 677 685 210 229 276 299 298 297 324 307 320 326 328 513 530 555 570 590 577 565 613 572 628 573 657 559 674 610 660 678 609 696 613 715 798 797 600 740 656 669 673 663 696 499 711 730 459 327 299 444 317 283 634 250 679 496 434 431 455 504 464 519 492 470 383 415 408 446 426 414 420 345 429 419 411 410 457 451 446 412 402 398 393 317 361 279 306 302 307 310 313 85 130 414 369 251 307 371 392 758 215 531 642 451 735 524 2348
2104 225 298 252 249 237 220 649 662 671 692 745 266 283 321 409 0 55 37 56 78 108 144 258 175 205 217 284 309 401 362 342 370 400 417 437 446 463 568 587 609 654 678 698 709 727 745 326 311 300 296 271 113 129 108 469 549 535 549 564 574 630 398 445 463 476 466 474 507 518 525 583 570 309 320 346 330 342 452 382 469 395 489 396 487 447 475 498 528 468 507 522 540 548 625 603 645 719 748 760 772 786 602 590 629 610 235 216 199 146 221 148 138 155 142 136 80 181 293 318 333 364 378 390 376 425 391 438 361 438 344 437 423 441 461 459 476 479 410 409 479 504 445 521 535 542 523 98 636 655 447 206 149 194 128 380 558 212 627 404 347 362 386 435 395 450 472 444 315 346 339 391 371 360 366 290 374 364 356 356 402 396 391 357 352 356 361 279 323 242 279 275 280 283 286 349 279 252 192 158 295 163 171 683 230 295 405 330 660 288 2104
2109 187 243 197 194 182 165 625 638 647 668 721 238 255 293 353 55 0 42 1 23 53 89 203 120 150 162 229 254 346 307 286 314 344 362 382 391 408 521 540 561 607 631 651 662 680 698 271 256 245 241 216 118 134 113 445 525 511 525 540 550 606 377 421 439 452 446 454 486 497 504 562 549 254 265 291 310 322 421 361 438 375 458 375 440 416 444 461 481 523 562 563 546 527 605 583 621 694 724 735 747 748 578 566 595 586 196 177 160 139 182 137 83 100 87 81 25 237 273 298 313 343 357 370 356 404 371 418 399 418 399 417 402 420 440 438 455 458 465 464 459 483 425 500 514 522 502 153 612 631 392 167 94 173 133 325 534 157 597 384 315 331 355 404 364 419 410 388 284 315 308 353 333 321 327 252 336 326 318 317 363 357 352 318 313 316 311 224 268 186 224 220 225 228 231 321 224 221 158 103 240 142 150 659 191 274 385 310 636 267 2109
2067 188 285 239 236 224 207 667 680 689 710 763 229 246 284 396 37 42 0 43 65 95 131 245 162 192 204 271 296 388 349 328 356 386 404 424 433 450 563 582 603 649 673 693 704 722 740 313 298 287 283 258 76 92 71 487 567 553 567 582 592 648 419 463 481 494 488 496 528 539 546 604 591 296 307 333 352 364 463 403 480 417 500 417 482 458 486 503 523 505 544 559 577 569 647 625 663 736 766 777 789 790 620 608 637 628 198 179 162 109 184 111 125 142 129 123 67 219 315 340 355 385 399 412 398 446 413 460 398 460 381 459 444 462 482 480 498 500 447 446 501 525 467 542 556 564 544 136 654 673 434 168 136 215 91 367 576 199 639 426 357 373 397 446 406 461 452 430 326 357 350 395 375 363 369 294 378 368 360 359 405 399 394 360 355 358 353 266 310 228 266 262 267 270 273 312 266 263 200 145 282 184 193 701 193 316 427 352 678 309 2067
2110 186 242 196 193 181 164 624 637 646 667 720 237 254 292 352 56 1 43 0 22 52 88 202 119 149 161 228 253 345 306 285 313 343 361 381 390 407 520 539 560 606 630 650 661 679 697 270 255 244 240 215 119 135 114 444 524 510 524 539 549 605 376 420 438 451 445 453 485 496 503 561 548 253 264 290 309 321 420 360 437 374 457 374 439 415 443 460 480 524 563 562 545 526 604 582 620 693 723 734 746 747 577 565 594 585 195 176 159 138 181 136 82 99 86 80 24 238 272 297 312 342 356 369 355 403 370 417 398 417 400 416 401 419 439 437 454 457 466 465 458 482 424 499 513 521 501 154 611 630 391 166 93 172 134 324 533 156 596 383 314 330 354 403 363 418 409 387 283 314 307 352 332 320 326 251 335 325 317 316 362 356 351 317 312 315 310 223 267 185 223 219 224 227 230 320 223 220 157 102 239 141 149 658 190 273 384 309 635 266 2110
2132 164 220 174 171 159 142 602 615 624 645 698 215 232 270 330 78 23 65 22 0 30 66 180 97 127 139 206 231 323 284 263 291 321 339 359 368 385 498 517 538 584 608 628 639 657 675 248 233 222 218 193 141 133 136 422 502 488 502 517 527 583 354 398 416 429 423 431 463 474 481 539 526 231 242 268 287 299 398 338 415 352 435 352 417 393 421 438 458 546 556 540 523 504 582 560 598 671 701 712 724 725 555 543 572 563 173 154 137 116 159 114 60 77 64 58 2 226 250 275 290 320 334 347 333 381 348 395 376 395 393 394 379 397 417 415 432 435 488 487 436 460 402 477 491 499 479 176 589 608 369 144 71 150 134 302 511 134 574 361 292 308 332 381 341 396 387 365 261 292 285 330 310 298 304 229 313 303 295 294 340 334 329 295 290 293 288 201 245 163 201 197 202 205 208 298 201 198 135 80 217 119 127 636 168 251 362 287 613 244 2132
2146 134 212 166 163 151 134 594 607 616 637 690 186 203 241 323 108 53 95 52 30 0 58 172 89 119 131 199 224 316 277 256 284 314 331 351 360 377 490 509 531 576 600 620 631 649 667 241 226 215 211 186 119 103 124 414 494 480 494 509 519 575 347 390 408 421 415 423 455 466 473 531 518 223 234 261 279 291 390 330 407 344 427 345 409 385 413 431 450 568 548 533 515 497 574 552 590 664 693 705 717 717 547 535 565 555 143 124 107 86 129 84 30 47 34 28 28 218 242 267 282 313 327 339 325 374 340 387 369 387 386 386 372 390 410 408 425 427 510 509 428 452 394 470 484 491 472 198 581 600 361 114 63 143 104 295 503 127 567 353 285 300 324 374 333 389 380 358 253 285 278 322 302 290 296 221 305 295 287 286 333 327 322 288 283 286 281 193 237 156 194 190 194 197 200 269 193 190 127 72 210 111 120 628 138 243 354 279 605 236 2146
2198 192 154 108 105 93 76 542 555 564 585 639 244 261 260 265 144 89 131 88 66 58 0 114 31 61 73 140 165 257 218 197 225 255 273 293 302 319 432 451 473 518 542 562 573 591 609 182 167 156 152 127 177 161 182 363 443 429 443 458 468 523 337 339 357 370 405 413 446 457 464 500 508 165 176 202 310 303 338 329 355 342 375 335 351 333 361 372 392 599 579 563 546 523 596 542 538 612 642 653 665 659 495 483 506 503 202 183 166 144 188 142 88 105 92 86 64 255 273 298 313 343 357 365 356 372 371 385 399 377 416 410 402 420 409 438 424 458 541 540 418 483 425 469 483 481 496 235 529 548 303 172 35 179 162 236 452 68 508 314 252 249 273 322 282 337 322 299 201 233 226 264 244 232 238 163 247 237 229 228 275 269 264 230 224 227 222 135 179 98 135 131 136 139 142 232 135 168 105 14 151 106 127 576 197 274 385 269 553 267 2198
2312 306 166 128 125 113 96 546 559 568 589 631 327 310 272 277 258 203 245 202 180 172 114 0 83 53 41 27 52 143 104 84 112 142 205 225 234 251 363 382 404 450 474 494 505 523 541 68 53 42 38 13 291 275 296 394 474 460 474 489 499 555 368 370 388 401 436 444 477 488 495 531 540 139 128 88 365 353 350 378 333 379 313 366 283 355 327 304 324 705 685 670 652 572 627 573 570 643 628 617 605 591 499 477 438 457 315 296 279 258 301 256 202 219 206 200 178 362 379 404 419 440 426 414 462 421 477 422 506 408 523 459 509 527 458 545 462 564 647 646 449 589 505 518 522 512 546 348 533 552 189 286 149 293 276 122 483 99 440 345 283 280 286 291 277 276 254 231 232 264 257 244 224 212 188 194 199 189 195 178 227 221 216 182 163 159 154 166 210 129 108 104 108 106 103 244 155 263 218 100 38 220 241 580 310 381 491 300 557 374 2312
2229 223 123 77 74 62 45 511 524 533 554 608 275 267 229 234 175 120 162 119 97 89 31 83 0 30 42 109 134 226 187 166 194 224 242 262 271 288 401 420 442 487 511 531 542 560 578 151 136 125 121 96 208 192 213 332 412 398 412 427 437 492 306 308 326 339 374 382 415 426 433 469 477 134 145 171 302 290 307 316 324 317 344 304 320 302 330 341 361 630 610 594 577 510 565 511 507 581 611 622 634 628 464 452 475 472 233 214 197 175 219 173 119 136 123 117 95 286 304 329 344 374 364 352 387 359 402 360 430 346 447 397 433 451 396 469 400 489 572 571 387 514 443 456 460 450 483 266 498 517 272 203 66 210 193 205 421 37 477 283 221 218 242 291 251 306 291 268 170 202 195 233 213 201 207 132 216 206 198 197 244 238 233 199 193 196 191 104 148 67 104 100 105 108 111 201 104 199 136 17 120 137 158 545 228 305 416 238 522 298 2229
2259 253 121 75 72 60 43 521 534 543 564 617 282 265 227 232 205 150 192 149 127 119 61 53 30 0 12 79 104 196 157 136 164 194 212 232 241 258 371 390 411 457 481 501 512 530 548 121 106 95 91 66 238 222 243 341 421 407 421 436 446 502 315 317 335 348 383 391 424 435 442 478 487 132 143 141 312 300 317 325 334 327 320 313 290 312 334 311 331 652 632 617 600 519 575 521 517 591 620 624 612 598 474 462 445 464 263 244 227 205 249 203 149 166 153 147 125 309 327 352 367 387 373 361 409 369 424 369 453 356 470 407 456 474 406 492 410 512 594 593 396 537 453 466 470 460 493 296 508 527 242 233 96 240 223 175 430 47 447 292 230 227 251 300 260 315 260 238 180 211 204 242 222 210 195 141 206 196 202 185 233 227 222 188 170 166 161 113 157 76 74 70 75 78 81 199 102 210 166 47 90 167 188 555 258 328 438 248 532 321 2259
2271 265 133 87 84 72 55 533 546 555 576 629 294 277 239 243 217 162 204 161 139 131 73 41 42 12 0 68 93 184 145 125 153 183 204 224 233 250 363 382 404 449 473 493 504 522 540 109 94 83 79 54 250 234 255 353 433 419 433 448 458 514 327 329 347 360 395 403 436 447 454 490 499 144 155 129 324 312 329 337 333 338 313 325 282 324 327 304 323 664 644 629 611 531 586 532 529 602 628 616 604 590 486 474 438 457 274 255 238 217 260 215 161 178 165 159 137 321 338 363 378 399 385 373 421 380 436 381 465 367 482 418 468 486 417 504 421 523 606 605 408 548 464 477 481 471 505 307 520 539 230 245 108 252 235 163 442 58 440 304 242 239 263 312 272 275 253 231 191 223 216 243 223 212 187 153 198 188 195 177 226 220 215 181 162 158 153 125 169 88 67 63 67 70 73 210 114 222 177 59 79 179 200 567 269 340 450 259 544 333 2271
2338 333 186 154 151 139 122 520 533 542 563 604 347 330 292 296 284 229 271 228 206 199 140 27 109 79 68 0 25 117 78 57 85 115 178 198 207 225 337 356 378 423 447 467 478 496 514 88 73 62 58 33 318 302 323 401 481 467 481 476 506 562 395 377 395 408 463 471 497 508 515 538 551 159 148 108 391 379 324 405 307 406 287 392 257 329 301 278 298 732 712 696 679 598 654 600 577 619 601 590 578 564 473 451 412 431 342 323 306 285 328 283 229 246 233 227 204 389 406 431 446 466 453 440 489 448 504 448 533 435 550 486 536 554 485 572 489 591 674 673 476 616 532 545 549 539 572 375 507 526 163 313 175 319 303 96 482 126 414 352 309 284 260 264 251 249 227 205 259 249 256 218 198 186 161 198 172 162 169 151 200 194 189 155 137 133 128 192 174 140 92 88 83 80 77 263 181 289 245 126 11 247 267 554 337 407 518 327 531 400 2338
2363 358 211 179 176 164 147 495 508 517 538 579 372 355 317 321 309 254 296 253 231 224 165 52 134 104 93 25 0 92 53 32 60 90 182 223 232 250 312 331 353 398 422 442 453 471 489 113 98 87 83 58 343 327 348 426 466 480 466 451 531 587 420 402 420 433 488 496 522 533 540 563 576 184 173 133 416 404 349 430 332 431 312 417 282 354 326 303 283 757 737 721 704 623 679 625 602 594 576 565 553 539 448 426 387 406 367 348 331 310 353 308 254 271 258 252 229 414 431 456 471 491 478 465 514 473 529 473 558 460 575 511 561 579 510 597 514 616 699 698 501 641 557 570 574 564 597 400 482 501 138 338 200 344 328 71 457 151 389 377 334 309 285 289 276 274 252 230 284 274 281 243 223 211 186 223 197 187 194 176 225 219 214 180 162 158 153 217 199 165 117 113 108 105 102 288 206 314 270 151 36 272 292 529 362 432 543 352 506 425 2363
2455 448 151 181 184 196 213 557 570 579 600 642 312 295 257 262 401 346 388 345 323 316 257 143 226 196 184 117 92 0 39 94 122 152 244 311 320 337 374 393 415 460 484 504 515 533 551 119 134 145 149 150 435 419 440 514 528 542 528 513 619 674 511 490 508 521 580 588 609 620 627 651 664 125 114 99 508 496 416 522 399 523 379 509 369 421 393 370 346 848 829 813 796 715 771 717 689 657 639 627 615 601 510 488 449 468 355 374 421 402 443 400 346 363 350 344 321 506 523 548 563 583 570 557 606 565 621 565 649 552 666 603 652 670 602 688 606 708 790 789 593 733 649 662 666 656 689 492 544 563 200 430 292 436 420 21 519 243 451 465 426 396 372 376 363 361 339 317 376 362 369 334 314 303 278 315 289 279 286 268 317 311 306 272 254 250 245 309 291 256 208 204 200 197 194 229 154 406 362 243 128 363 384 591 360 524 635 444 568 517 2455
2416 410 190 220 223 217 200 518 531 540 561 603 351 334 296 301 362 307 349 306 284 277 218 104 187 157 145 78 53 39 0 55 83 113 205 272 281 298 335 354 376 421 445 465 476 494 512 158 151 140 136 111 396 380 401 475 489 503 489 474 580 635 472 451 469 482 541 549 570 581 588 612 625 164 153 138 469 457 377 483 360 484 340 470 330 382 354 331 307 809 790 774 757 676 732 678 650 618 600 588 576 562 471 449 410 429 394 401 384 363 406 361 307 324 311 305 282 467 484 509 524 544 531 518 567 526 582 526 610 513 627 564 613 631 563 649 567 669 751 750 554 694 610 623 627 617 650 453 505 524 161 391 253 397 381 18 480 204 412 426 387 357 333 337 324 322 300 278 337 323 330 295 275 264 239 276 250 240 247 229 278 272 267 233 215 211 206 270 252 217 169 165 161 158 155 268 193 367 323 204 89 324 345 552 399 485 596 405 529 478 2416
2395 390 243 211 208 196 179 463 476 485 506 547 404 387 349 353 342 286 328 285 263 256 197 84 166 136 125 57 32 94 55 0 28 58 150 216 225 243 280 299 321 366 390 410 421 439 457 145 130 119 115 90 375 359 380 419 434 448 434 419 524 580 418 395 413 426 486 494 515 526 533 556 569 216 205 165 444 432 321 443 304 429 284 416 275 326 298 275 251 789 769 754 736 651 678 624 595 562 544 533 521 507 416 394 355 374 399 380 363 342 385 340 286 303 290 284 261 446 463 488 503 519 505 493 546 485 561 472 590 458 607 539 593 611 528 629 513 648 731 730 499 673 585 586 572 562 625 432 450 469 106 370 232 377 360 73 425 183 357 370 362 302 278 282 269 267 245 223 299 268 275 275 255 243 218 255 229 219 226 208 257 251 246 212 194 190 185 250 231 197 149 145 140 137 134 321 238 346 302 183 68 304 325 497 394 464 575 379 474 457 2395
2423 418 271 239 236 224 207 435 448 457 478 519 432 415 377 381 370 314 356 313 291 284 225 112 194 164 153 85 60 122 83 28 0 30 122 188 197 215 252 271 293 338 362 382 393 411 429 173 158 147 143 118 403 387 408 391 406 420 406 391 496 552 390 367 385 398 458 466 487 498 505 528 541 244 233 193 416 404 293 415 276 401 256 388 247 298 270 247 223 763 743 727 710 623 650 596 567 534 516 505 493 479 388 366 327 346 427 408 391 370 413 368 314 331 318 312 289 446 462 487 477 491 477 465 520 457 535 444 563 430 580 511 567 585 500 603 485 622 705 704 471 647 557 558 544 534 597 460 422 441 78 398 260 401 388 101 397 211 329 342 334 274 250 254 241 239 217 195 271 240 247 265 245 245 232 269 243 233 240 222 271 265 260 226 208 204 199 278 259 225 177 173 168 165 162 349 266 334 330 211 96 332 353 469 422 464 549 351 446 457 2423
2453 448 301 269 266 254 237 405 418 427 448 489 462 445 407 411 400 344 386 343 321 314 255 142 224 194 183 115 90 152 113 58 30 0 92 158 167 185 222 241 263 308 332 352 363 381 399 203 188 177 173 148 433 417 438 361 376 390 376 361 466 522 360 337 355 368 428 436 457 468 475 498 511 274 263 223 386 374 263 385 246 371 226 358 217 268 240 217 193 733 713 697 680 593 620 566 537 504 486 475 463 449 358 336 297 316 457 438 421 400 443 398 344 361 348 342 319 416 432 457 447 461 447 435 490 427 505 414 533 400 550 481 537 555 470 573 455 592 675 674 441 617 527 528 514 504 567 490 392 411 48 428 290 371 418 131 367 241 299 312 304 244 220 224 211 209 187 165 241 210 217 235 215 215 202 239 213 203 210 192 241 235 230 196 178 174 169 296 252 255 207 203 198 195 192 379 296 304 360 241 126 362 358 439 452 434 519 321 416 427 2453
2471 465 333 287 284 272 255 352 365 374 395 436 494 477 439 443 417 362 404 361 339 331 273 205 242 212 204 178 182 244 205 150 122 92 0 66 75 93 169 188 210 255 279 299 310 328 346 266 251 240 236 211 450 434 455 269 323 335 323 308 374 430 268 245 263 276 336 344 365 376 383 406 419 337 326 286 294 282 192 293 175 280 155 266 125 197 169 146 140 641 621 605 588 501 528 474 445 451 433 422 410 396 305 283 244 263 474 455 438 417 460 415 361 378 365 359 337 324 340 365 355 369 355 343 398 335 413 322 442 308 459 389 445 463 378 481 363 500 583 582 349 525 435 437 423 413 475 407 339 358 76 445 308 279 435 223 314 223 246 220 212 152 128 132 119 117 95 73 149 118 125 143 123 123 110 147 121 111 118 100 149 143 138 104 86 82 77 204 160 193 145 141 137 134 131 411 314 212 289 259 167 275 266 386 469 342 427 230 363 335 2471
2491 485 353 307 304 292 275 322 335 344 365 407 514 497 459 463 437 382 424 381 359 351 293 225 262 232 224 198 223 311 272 216 188 158 66 0 9 26 139 158 180 225 249 269 280 298 316 286 271 260 256 231 470 454 475 227 294 293 294 279 332 387 226 203 221 234 294 302 322 333 340 364 377 357 346 306 269 257 126 250 109 237 89 223 58 131 103 80 99 616 596 581 563 470 485 431 402 422 404 392 380 366 275 253 214 233 494 475 458 437 480 435 381 398 385 379 357 321 316 341 330 342 329 316 373 292 388 279 417 266 434 362 420 438 335 456 320 475 558 557 307 500 408 394 380 370 448 404 309 328 142 465 328 281 455 290 285 243 216 178 187 127 103 108 94 93 71 39 152 120 127 145 125 125 130 167 141 131 137 120 169 163 158 124 105 101 96 223 179 213 165 161 156 153 150 430 334 214 309 279 187 295 286 356 489 317 402 205 333 310 2491
2500 494 362 316 313 301 284 313 326 335 356 398 523 506 468 472 446 391 433 390 368 360 302 234 271 241 233 207 232 320 281 225 197 167 75 9 0 17 130 149 171 216 240 260 271 289 307 295 280 269 265 240 479 463 484 218 285 284 285 270 323 378 217 194 212 225 285 293 313 324 331 355 368 366 355 315 260 248 117 241 100 228 80 214 49 122 94 71 90 607 587 572 554 461 476 422 393 413 395 383 371 357 266 244 205 224 503 484 467 446 489 444 390 407 394 388 366 312 307 332 321 333 320 307 364 283 379 270 408 257 425 353 411 429 326 447 311 467 549 548 298 492 399 385 371 361 439 395 300 319 151 474 337 289 464 299 276 252 207 169 179 118 94 99 85 84 62 30 161 129 136 154 134 134 139 176 150 140 146 129 178 172 167 133 114 110 105 232 188 222 174 170 165 162 159 439 343 223 318 288 196 304 295 347 498 308 393 196 324 301 2500
2517 511 379 333 330 318 301 295 308 317 338 380 540 523 485 490 463 408 450 407 385 377 319 251 288 258 250 225 250 337 298 243 215 185 93 26 17 0 113 132 153 199 223 243 254 272 290 313 298 287 283 258 497 481 502 200 267 266 267 252 305 361 199 176 194 207 267 275 296 307 314 337 350 383 372 333 250 238 99 224 82 210 62 197 32 104 76 53 73 597 577 561 544 444 458 404 376 395 377 366 354 340 248 226 187 206 521 502 485 464 507 462 407 424 411 405 383 301 296 321 311 316 302 290 354 266 369 253 398 239 415 335 401 419 308 437 293 456 539 538 280 481 381 367 353 343 421 384 282 301 168 492 345 279 482 316 258 270 189 151 168 108 84 88 75 73 51 20 164 147 154 172 152 152 156 193 167 157 164 146 195 189 184 150 132 128 123 250 206 240 192 188 183 180 177 457 360 212 315 305 214 302 293 329 516 298 383 186 306 291 2517
2630 624 492 446 443 431 414 183 196 205 226 268 653 636 598 602 568 521 563 520 498 490 432 363 401 371 363 337 312 374 335 280 252 222 169 139 130 113 0 19 41 86 110 130 141 159 177 425 410 399 395 370 609 593 614 222 154 168 154 139 248 303 221 198 216 227 249 241 238 249 256 280 293 496 485 445 282 270 121 246 104 232 84 219 81 126 98 75 40 566 526 511 493 391 406 352 318 283 265 253 241 227 136 114 75 94 633 614 597 576 619 574 520 537 524 518 496 396 366 391 343 338 324 312 385 288 400 275 414 261 431 344 400 418 297 412 282 415 555 554 268 436 373 315 301 291 374 479 170 189 205 604 449 383 594 353 145 382 77 173 248 221 197 218 188 186 164 132 268 259 266 284 264 264 269 306 280 270 277 259 308 302 297 263 244 240 235 362 318 352 304 300 296 293 290 569 473 316 419 418 326 406 396 217 628 365 414 247 194 364 2630
2649 643 511 465 462 450 433 164 177 186 207 249 672 655 617 621 587 540 582 539 517 509 451 382 420 390 382 356 331 393 354 299 271 241 188 158 149 132 19 0 22 67 91 111 122 140 158 444 429 418 414 389 628 612 633 215 135 149 135 120 229 284 240 217 221 208 230 222 219 230 237 261 274 515 504 464 301 289 140 265 123 251 103 238 100 145 117 94 59 547 507 492 474 372 387 333 299 264 246 234 222 208 117 95 56 75 652 633 616 595 638 593 539 556 543 537 515 415 385 410 362 357 343 331 397 307 412 294 395 280 412 325 381 399 278 393 263 396 536 535 249 417 354 296 282 272 355 498 151 170 224 623 468 402 613 372 126 401 58 192 267 240 216 237 207 205 183 151 287 278 285 303 283 283 288 325 299 289 296 278 327 321 316 282 263 259 254 381 337 371 323 319 315 312 309 588 492 335 438 437 345 425 415 198 647 384 426 266 175 383 2649
2671 665 532 486 483 471 454 142 155 164 185 227 693 676 638 643 609 561 603 560 538 531 473 404 442 411 404 378 353 415 376 321 293 263 210 180 171 153 41 22 0 46 69 89 100 118 136 466 451 440 436 411 650 634 655 194 114 128 114 99 207 262 262 218 200 187 208 200 197 208 215 239 252 537 526 486 322 310 162 287 145 273 125 260 121 167 139 116 81 525 485 470 452 350 365 311 277 242 224 212 200 186 95 73 34 53 674 655 638 617 660 615 561 578 565 559 536 437 406 431 375 352 339 326 375 288 390 276 374 262 391 303 359 377 256 372 241 374 515 514 227 395 332 274 260 250 333 520 129 148 246 645 489 423 635 394 105 423 36 214 289 261 237 259 228 227 205 173 309 300 307 325 305 305 310 347 321 311 317 300 349 343 338 304 285 281 276 403 359 393 345 341 336 333 330 610 513 357 460 459 367 446 437 176 669 406 404 288 153 405 2671
2716 710 578 532 529 517 500 160 173 182 203 183 739 722 684 689 654 607 649 606 584 576 518 450 487 457 449 423 398 460 421 366 338 308 255 225 216 199 86 67 46 0 26 46 57 75 93 511 496 485 481 456 696 680 701 211 131 145 131 116 224 280 294 235 217 204 225 217 215 226 233 256 269 582 571 531 368 356 208 332 191 319 171 305 167 213 185 162 127 530 490 475 457 368 358 328 287 214 180 169 157 143 113 91 52 71 720 701 684 663 706 661 606 623 610 604 582 483 452 477 393 370 356 344 393 306 408 293 391 280 408 320 376 394 274 389 259 392 532 531 245 412 350 291 277 267 351 566 147 166 292 691 535 469 681 439 122 469 54 260 335 307 283 305 274 272 250 219 354 346 353 371 351 351 355 393 367 357 363 345 394 388 383 349 331 327 322 449 405 439 391 387 382 379 376 656 559 402 505 504 413 492 483 194 715 451 422 334 171 451 2716
2740 734 602 556 553 541 524 183 196 205 211 157 763 746 708 712 678 631 673 630 608 600 542 474 511 481 473 447 422 484 445 390 362 332 279 249 240 223 110 91 69 26 0 20 31 49 67 535 520 509 505 480 719 703 724 235 155 169 155 140 248 277 317 259 241 228 249 241 239 250 257 280 293 606 595 555 392 380 231 356 214 342 194 329 191 236 208 185 150 505 465 449 432 392 333 319 262 188 154 143 131 117 136 114 75 94 743 724 707 686 729 684 630 647 634 628 606 506 476 501 416 394 380 368 416 330 431 317 415 303 432 344 400 418 298 413 283 415 556 555 268 436 374 315 301 291 375 589 170 189 315 714 559 493 704 463 146 492 77 283 358 331 307 328 298 296 274 242 378 369 376 395 375 374 379 416 390 380 387 369 418 412 407 373 355 351 346 473 429 462 414 410 406 403 400 680 583 426 529 528 436 516 506 217 738 475 445 357 194 474 2740
2760 754 622 576 573 561 544 203 216 212 191 137 783 766 728 732 698 651 693 650 628 620 562 494 531 501 493 467 442 504 465 410 382 352 299 269 260 243 130 111 89 46 20 0 11 29 47 555 540 529 525 500 739 723 744 255 175 189 175 160 268 257 337 279 261 248 269 261 259 270 277 300 313 626 615 575 412 400 251 376 234 362 214 349 211 256 228 205 170 485 445 429 412 391 313 299 242 168 134 123 111 97 156 134 95 114 763 744 727 706 749 704 650 667 654 648 626 526 496 521 436 414 400 388 436 350 451 337 435 323 452 364 420 438 318 433 303 435 543 544 288 435 394 335 321 311 395 609 190 209 335 734 579 513 724 483 166 512 97 303 378 351 327 348 318 316 294 262 398 389 396 415 395 394 399 436 410 400 407 389 438 432 427 393 375 371 366 493 449 482 434 430 426 423 420 700 603 446 549 548 456 536 526 200 758 495 465 377 214 494 2760
2771 765 633 587 584 572 555 214 210 201 180 126 794 777 739 743 709 662 704 661 639 631 573 505 542 512 504 478 453 515 476 421 393 363 310 280 271 254 141 122 100 57 31 11 0 18 36 566 551 540 536 511 750 734 755 266 186 200 186 171 279 246 348 290 272 259 280 272 270 281 288 301 314 637 626 586 423 411 262 387 245 373 225 360 222 267 239 216 181 474 434 418 401 380 302 288 231 157 123 112 100 86 167 145 106 125 774 755 738 717 760 715 661 678 665 659 637 537 507 532 447 425 411 399 447 361 462 348 446 334 463 375 431 449 329 444 314 446 532 533 299 424 405 346 332 322 404 620 201 217 346 745 590 524 735 494 177 523 108 314 389 362 338 359 329 327 305 273 409 400 407 426 406 405 410 447 421 411 418 400 449 443 438 404 386 382 377 504 460 493 445 441 437 434 431 711 614 457 560 559 467 547 537 189 769 506 476 388 212 505 2771
2789 783 651 605 602 590 573 205 192 183 162 108 812 795 757 761 727 680 722 679 657 649 591 523 560 530 522 496 471 533 494 439 411 381 328 298 289 272 159 140 118 75 49 29 18 0 18 584 569 558 554 529 768 752 773 284 204 218 204 189 283 228 366 308 290 277 298 290 288 299 306 283 296 655 644 604 441 429 280 405 263 391 243 378 240 285 257 234 199 456 416 400 383 362 284 270 213 139 105 94 82 68 185 163 124 143 792 773 756 735 778 733 679 696 683 677 655 555 525 550 465 443 429 417 465 379 480 366 464 352 481 393 449 467 347 450 332 431 514 515 317 406 423 364 350 340 386 638 218 199 364 763 608 542 753 512 195 541 126 332 407 380 356 377 347 345 323 291 427 418 425 444 424 423 428 465 439 429 436 418 467 461 456 422 404 400 395 522 478 511 463 459 455 452 449 729 632 475 578 577 485 565 555 171 787 524 494 406 194 523 2789
2807 801 669 623 620 608 591 187 174 165 144 90 830 813 775 779 745 698 740 697 675 667 609 541 578 548 540 514 489 551 512 457 429 399 346 316 307 290 177 158 136 93 67 47 36 18 0 602 587 576 572 547 786 770 791 302 222 236 222 207 265 210 384 326 308 295 316 308 306 317 323 265 278 673 662 622 459 447 298 423 281 409 261 396 258 303 275 252 217 438 398 382 365 344 266 252 195 121 87 76 64 50 203 181 142 161 810 791 774 753 796 751 697 714 701 695 673 573 543 568 483 461 447 435 483 397 498 384 482 370 499 411 460 450 365 432 350 413 496 497 335 388 433 358 351 341 368 656 200 181 382 781 626 560 771 530 213 559 144 350 425 398 374 395 365 363 341 309 445 436 443 462 442 441 446 483 457 447 454 436 485 479 474 440 422 418 413 540 496 529 481 477 473 470 467 747 650 493 596 595 503 583 573 153 805 542 512 424 176 541 2807
